ORB Feature Detection Results
Filename KeyPoints
11.jpg 10000
12.jpg 9785
13.jpg 10000
21.jpg 10000
22.jpg 10000
23.jpg 9551
31.jpg 10000
32.jpg 10000
33.jpg 10000

ORB Feature Matching results
Images Feature Matching Time (ms):
11.jpg and 12.jpg 547231
12.jpg and 13.jpg 540739
21.jpg and 22.jpg 562473
22.jpg and 23.jpg 528835
31.jpg and 32.jpg 552786
32.jpg and 33.jpg 542971

Reproj. Thres. Inliers Outliers Time (ms)
0.600000 566 1627 76664
0.600000 24 69 48240
0.600000 25 286 82761
0.600000 7 27 82450
0.600000 5 133 88905
0.600000 11 206 85521
1.000000 1027 1166 16220
1.000000 36 57 12350
1.000000 48 263 90422
1.000000 7 27 86709
1.000000 6 132 84372
1.000000 11 206 104160
3.000000 1981 212 3732
3.000000 70 23 1931
3.000000 129 182 7995
3.000000 13 21 10301
3.000000 7 131 69928
3.000000 12 205 90653
5.000000 2077 116 5316
5.000000 73 20 783
5.000000 156 155 3614
5.000000 18 16 3863
5.000000 7 131 94313
5.000000 12 205 84610
10.000000 2091 102 7475
10.000000 73 20 947
10.000000 193 118 2095
10.000000 20 14 1838
10.000000 8 130 91961
10.000000 12 205 70957
