SIFT Feature Detection Results
Filename KeyPoints
11.jpg 13413
12.jpg 8611
13.jpg 13989
21.jpg 17039
22.jpg 5293
23.jpg 8016
31.jpg 22304
32.jpg 45388
33.jpg 64820

SIFT Feature Matching results
Images Matching Time (ms):
11.jpg and 12.jpg 1149561
12.jpg and 13.jpg 933430
21.jpg and 22.jpg 1234178
22.jpg and 23.jpg 623606
31.jpg and 32.jpg 3096820
32.jpg and 33.jpg 5681371

Reproj. Thres. Inliers Outliers Time (ms)
0.600000 534 517 9094
0.600000 51 151 53672
0.600000 16 387 85564
0.600000 7 49 88657
0.600000 31 569 110906
0.600000 18 795 90897
1.000000 661 390 3917
1.000000 63 139 22823
1.000000 28 375 118588
1.000000 7 49 76434
1.000000 51 549 99131
1.000000 26 787 102266
3.000000 797 254 2494
3.000000 69 133 19463
3.000000 87 316 100419
3.000000 7 49 82990
3.000000 151 449 68608
3.000000 63 750 102871
5.000000 812 239 2939
5.000000 85 117 9374
5.000000 122 281 31544
5.000000 7 49 94755
5.000000 182 418 27031
5.000000 77 736 76114
10.000000 818 233 5340
10.000000 105 97 3084
10.000000 159 244 10073
10.000000 9 47 82907
10.000000 194 406 18171
10.000000 121 692 87024
